-9215531626721837111
-9192801757345576955
-9180454285741134711
-9161700546315747025
-9155226059678328770
-9126104422636046803
-9107052610346275505
-9080652970975911990
-9070856446664365185
-9066906026304642865
-9000638730059766490
-8989343676432024653
-8967225295702843601
-8941083724422315518
-8926012760850770615
-8882205317376024301
-8879361703153813702
-8878967965017157993
-8870224358735440923
-8850799629200931626
-8842589454290733741
-8831690860260624186
-8829958238852060763
-8804555302209073729
-8790990668516038842
-8749829274218364457
-8741573813515999049
-8736121125878059139
-8705207765140911150
-8654628303595238006
-8651664036580699843
-8619412503543228502
-8613886611952220005
-8601455962402878511
-8581382431952489279
-8568997063864715840
-8540153451707501848
-8522812666113853734
-8521994988121274282
-8519862247788902642
-8509459907623046108
-8489008526926140346
-8480125338598633447
-8476859407400714408
-8453938267504269274
-8446843829854473058
-8445828949112287196
-8432934471502541922
-8430975275969330503
-8425280344109212196
-8414911819305772102
-8414571047680292682
-8387735536490498251
-8346112479054905481
-8342455780583558073
-8312087045000514030
-8264415646920704768
-8261755164997805425
-8238558187842361171
-8220104470962067599
-8210942596963141348
-8180616438140539083
-8180197324470652501
-8164371082581942827
-8162736829099293798
-8154979853378588272
-8151930968319627231
-8139520774727764464
-8138908516203209829
-8137228381411172857
-8125958498815201212
-8089149579765665665
-8052481343569065395
-8010550870794005437
-8006204928880145857
-8004305965755922951
-7934600670550398742
-7899991469544913172
-7877164112078070345
-7857599476699644675
-7851690368211369913
-7833499972578458964
-7825171398141013185
-7822203454786378827
-7807702086537527442
-7805046173723807610
-7796605857608055039
-7791043541864029800
-7779094270614492754
-7776871833895556563
-7764432622813240496
-7754262732164261702
-7725885583257987877
-7714188702927555797
-7696751337572270888
-7677935321692041712
-7627362828214088816
-7624696497653713201
-7622604962261786352
-7610999646465695856
-7603237528003520480
-7576780106061080884
-7571910817553845681
-7560623330216703275
-7541544629237049523
-7537826475718446094
-7521667195276965552
-7498154157665631363
-7494605522966938636
-7467635408746038555
-7453342641121261920
-7436114025454511646
-7430101550108495288
-7383323331070205600
-7380016451216603647
-7375846885980727438
-7359980057548468981
-7343846038631023286
-7306858756492238111
-7300959361300646807
-7293817848999637571
-7291581060273880296
-7263003853857966703
-7260314264734017490
-7252959732916985643
-7239039676270837454
-7233481353388028351
-7215628931717978729
-7210265343707359157
-7207387463322055891
-7134397900199033270
-7114567320425525787
-7112170904307034315
-7106620387280979861
-7098046768490977768
-7078493337192062163
-7045369185177858525
-7045128777643917029
-7042818061113934429
-7039678357646386978
-6991553694064913926
-6979516492606112349
-6978871887528344728
-6967461083763440892
-6936977274384557193
-6916997720705074150
-6906886578402537559
-6894924331387432364
-6879639949886215179
-6857501391154872966
-6842095531846077310
-6776918253898360745
-6734334974048975480
-6721917818383219625
-6708035853576422725
-6697602516987705908
-6692596173488130307
-6685577835726907979
-6671033071602236822
-6668333391189758631
-6649040951610688181
-6647691249400799100
-6640924228004252726
-6600142793505662146
-6583521379711143358
-6559047912222599378
-6533536422055748942
-6518353681760377195
-6516472464275728800
-6514051855459978265
-6504259911399739492
-6468078127512236311
-6452449908400344142
-6442910461532727867
-6442311559046485848
-6437257679899465687
-6416193523425981688
-6403565436633808236
-6379036966240421803
-6350062190208390615
-6338662053595704977
-6308988729346049451
-6308130450139892808
-6301003392047445989
-6293724675353558995
-6272110199567685859
-6264186241111306753
-6258234158180795787
-6254195681308760897
-6254156102125391423
-6240266544831060478
-6215125354188813888
-6195145380745169767
-6185936137991393291
-6164982261833282434
-6164689003358759203
-6162939967985739483
-6153064301843466781
-6103631816575788409
-6027151425887550855
-5989955951413965400
-5970004967885342105
-5959367641727923615
-5955179913976743576
-5946609210741207153
-5927768248314751383
-5909242125776594023
-5900217965045629565
-5890552867920121689
-5878524292334780199
-5872774541432618449
-5814928125668096013
-5807925334930072304
-5788026958271357945
-5760433384948218048
-5754880356918528918
-5753145348324833431
-5739374255168666736
-5725503481347122665
-5718736113488311751
-5687148799775582644
-5678540926428737560
-5664391446412147943
-5639558255545600568
-5637873728166376221
-5603367439495543336
-5596243218814065249
-5583556591970727064
-5551448581365985000
-5499733106472443568
-5438114590446555555
-5431379183830760086
-5416589072576614111
-5405373729115015078
-5390052554943073192
-5353882957095298488
-5351574682337547525
-5332228854141600521
-5327937375648851927
-5319697916970993712
-5302628496672928290
-5298329954053178744
-5288237377655254099
-5271717013954834594
-5270309316356249881
-5243011533141811326
-5213922894998229641
-5211700431544516238
-5204159975053516799
-5193625241815671099
-5125588926989367762
-5118417774822476826
-5001071189946063295
-4979068120940552068
-4974984816163085631
-4974498796466805988
-4936401215278722461
-4932923390470295735
-4868279806927352472
-4845549227623433857
-4803306574240670295
-4787855692732010742
-4773518747644364804
-4743544232637320595
-4724001283764608169
-4703864408403828985
-4699462963382346890
-4696672859411411321
-4651804525186641230
-4631374434984935822
-4590228863495970426
-4577747714980454619
-4566533730061971740
-4565428434327847594
-4529741937404024484
-4523117203105098975
-4484120717829460285
-4436781391940851156
-4436235786705095948
-4433884399230909103
-4432418241975124746
-4422092661492314822
-4410877465809544710
-4380212039976896587
-4376852309051104012
-4362434331236484768
-4334103460692577806
-4304877071994998599
-4303769872647796615
-4255617252915479832
-4255292467772790224
-4230432488012307227
-4220594706855763054
-4197688352566653755
-4193715969775254757
-4176617934488807897
-4169309031541158385
-4146372708118201634
-4146012695959362631
-4142074833861214548
-4139888877975887552
-4134723076316805047
-4128345316256707055
-4118800134979824673
-4083453374529886355
-4070529945754184594
-4069360354293590096
-4067664328283558107
-4061518337628901542
-4027300574186181055
-3999235931260988758
-3965270668976588174
-3954276703818571452
-3913880871988728284
-3907313531810938821
-3904536168411975193
-3899975436952275935
-3872064827427046333
-3860160189790465051
-3851044388749058973
-3842370657717869932
-3832727592939715275
-3790197052385448403
-3759665339201213017
-3741904659934244684
-3733770455213408537
-3719056770133010645
-3702974145105996753
-3696500768032211598
-3694525776363077023
-3681260952973022043
-3649982625688822391
-3647287179385136125
-3632795051441963229
-3629888645451976068
-3627121310138329045
-3626216228501303221
-3605845729103190589
-3582624301542233029
-3572525106110793069
-3566943255036024945
-3562598751968393339
-3542721451142443554
-3530965496282304738
-3529573021895266508
-3507682304947658259
-3498464088526822466
-3482563317692404559
-3453561837725483551
-3410831008193058358
-3404557265645292850
-3388177185297171005
-3365182410671990579
-3352145925136934183
-3289717819179062679
-3287260945421387461
-3281190408236757313
-3271556712918607168
-3259468030108995686
-3252678125484673910
-3250375532979754094
-3247737151180596428
-3244466531150559527
-3217323104431027080
-3180110907123726774
-3168805928765489907
-3164772152413261466
-3160161287464816093
-3107787383844660215
-3097488097500567310
-3093840342549354580
-3049203996232934323
-3044579129919116662
-3024973324203665394
-3003967081423306359
-2991144481925313986
-2925578944418620290
-2923288629735714075
-2890192832263922119
-2882178378346798556
-2877583283715474472
-2854907235941316075
-2852367390933640184
-2847266086122491611
-2841706834073448653
-2835789220666112337
-2813613331162467217
-2790540606701724990
-2748526039096843877
-2740735114580575695
-2740165707875928766
-2722483527006684403
-2684441729499588812
-2679823252667437653
-2659101757739603800
-2641109118893561128
-2631340677439762664
-2619355594671535221
-2592860877744235888
-2585740699409545875
-2577097784115144177
-2568375033293798765
-2560449350321457044
-2560322713682914912
-2545449179055730851
-2535993744291289569
-2464592653091589706
-2425580331263167488
-2411512232786498881
-2403508217123303820
-2377994521181883346
-2346697133203905496
-2336740827923248638
-2332516303934206555
-2308305345740451257
-2281084386975443687
-2280549810079219590
-2242734447829415982
-2231428714071762568
-2224464370017553300
-2213080155441255789
-2209953856131363984
-2207722760653765490
-2185893705515098419
-2176404584303995639
-2171530826274249827
-2155792731839822910
-2145630888036939451
-2115145159507552047
-2084796699108424216
-2068633643642795126
-2060427383938886068
-2054244850423895809
-2038739786039127912
-2037482934510340800
-2012595623962145938
-1972168111492586229
-1965562436134084210
-1952597767040856950
-1938746149208464431
-1938699593970777539
-1920670679230033381
-1918803470901692710
-1907005937473331334
-1904921738931417126
-1855773637269535667
-1853778688174762694
-1841249265913328632
-1829818211517902432
-1794706041242246256
-1763146281027415388
-1697114413406316634
-1685905780943093825
-1683457241793921216
-1674969873046065523
-1671199553745401440
-1670993172306991063
-1661553452760653747
-1631126343134990787
-1594392110359651850
-1592849217994077545
-1579627907396580934
-1558950972256084431
-1558300235141883655
-1548197106508914534
-1541173737571643845
-1503997418516012325
-1492598584343536655
-1444064068418403458
-1435020543362342999
-1408383598042744275
-1372322193488451901
-1358737051991234349
-1319834315670479391
-1315873149556855873
-1267297978183950058
-1265256156656866660
-1261773920649739177
-1258310853798881990
-1221918919297304754
-1211277423978853836
-1204519034432658510
-1183586892582785033
-1171019517339655895
-1168060858478596878
-1167556789962276562
-1143612762774158669
-1107129267197312712
-1103572886967378319
-1055097084843470118
-1046663668067620563
-1021990667162555625
-1021301017562671700
-992488103726118241
-982712434533568032
-964419007273705739
-946126599228893074
-945456979679510748
-942120917383977435
-928726968245880051
-925770969283470974
-900367467353713846
-893996704159904652
-845241326253574511
-841136391125281421
-837061374074090131
-777115099587577464
-761461877605913803
-695541969387590112
-693228177005657675
-686254968267856035
-681132885313671018
-676810718592036139
-648712191617617123
-636204760207510768
-633420595516808333
-623920286493476147
-608691185866053547
-601863570663537142
-600658938743874906
-577855647932915613
-575643287121051359
-572844782437420190
-571136149582298789
-557737848637209979
-551720115752153232
-545905299512662918
-542164205046346012
-538332157322376814
-534390550418906602
-452266591702523670
-441607527597010745
-430460165829784391
-400835863633967877
-399324039840883318
-355073690805237900
-315871470487200916
-302441896410778587
-169811108992256602
-168212555887078336
-146239622529880964
-141029194464240567
-124270139355348191
-116580801214187451
-110555242722781950
-106209883259723726
-87716570337370882
-83793695801081941
-67090188944843002
-63260725753556130
-60485849439647152
-50872528427824804
-21153600131514325
-17737680338451120
-8741217441484975
-8531308741778711
2851910341760974
8053295027727866
16682397073383816
20711785114341660
45438232389220673
55300489053903403
116487016958844943
122693382479793270
129932431298600838
171968782746143112
197355027380975220
198453649127410331
200726296544693958
217056489834483472
251345601822218355
286820504602370892
298604371732951326
322286597294609303
329364750248530877
368210098048456166
380474425602822676
392402048750727388
404757283583540488
413712841441575504
431989988681162110
503798422286543805
579881120784583149
602692249453138156
604895494368793894
616584785404581212
621255789480437897
665353801713711969
689958752050321515
690349005017128599
738089050074571300
747665333270591297
840127518470892624
844527464838301039
967354411603372165
967540623441675445
972827762657537826
976193679280314438
976508678265989416
1006190859437378853
1013868127698310679
1014858235660716067
1048899558257362243
1085656312531329823
1095273521172072189
1105543773399783209
1106348348257945089
1145338121408156026
1167918581404280633
1224648773495948955
1227193351052843505
1243026129301358665
1244027574213133548
1245607342982866202
1257893182633315148
1261843476199129072
1261862748432988118
1268984503059584791
1272588967151352491
1273493149034893073
1286410939212070299
1313606016972505724
1338839965374541030
1351425109396096436
1397106040820103055
1416851596865913612
1455698761390423144
1469727220791802668
1491357231029511552
1509924863303048956
1514765007323959789
1566031748769284891
1567077783841939276
1568741687252152059
1571892591712701617
1574892175231512044
1591273113202995861
1598153705933764631
1608119387452188645
1627597375907447601
1642439216166552149
1667160504923220405
1690054061426366042
1691302763706487322
1714924735354904896
1715375801642763685
1718392224223208666
1723750207849348844
1725486058036511673
1730772954208178787
1732734293071982778
1743392023421954236
1757761245680862166
1766835437913933572
1780763932940378993
1806851277101208959
1831021544093295746
1832509712378612940
1847461448409693898
1865169342699407529
1917670367410314767
1929148760682802194
1943730317481621878
1977407479060086485
1977499829311621608
1980904485436542225
2000912148851371176
2015365680385136671
2021864662039044970
2048072051252932273
2060449665556108223
2070893556240883746
2077903358713648555
2096454829925164757
2125659126784131694
2140742524192198227
2151963687690908987
2180318878356096851
2221446281808800698
2227039180943814719
2237599846972218550
2238066910401034576
2239401364313815298
2297213977999387745
2315453176237948476
2330700822583053930
2333577839569041521
2382094960060245450
2386463833282289849
2413584669580885092
2436740666212049994
2445970306556584949
2473986935186667756
2477798002890979652
2488296272933633531
2494167777341928656
2512502022047814756
2549852562659046618
2586375886596723535
2591632012145701872
2617773178188912437
2620042865107578219
2652253963333577051
2681644693350821562
2694133454495839886
2700928614474504407
2716781301192185869
2744124498182228027
2794493195556601098
2809759734868780090
2873519605108697848
2874876613227703254
2898510389769874850
2902893966104980787
2907334668956917584
2991858394373400751
2999276038430598086
3166602576248162863
3194421051856227616
3204955305097153051
3206822017802566560
3208974639292597532
3288266493213196849
3364974254713992903
3377349313083405597
3381779250109933054
3424629413393686743
3447306082233187372
3464141718803355700
3479057782677304585
3511073959374195904
3568908109501946135
3589595595711993330
3593998977523736711
3674715543037506535
3713177712967259402
3794880564774388624
3810491436218125271
3856241534501399041
3905466345786635387
3935010342400557851
3960946389988318221
3976627870612025453
3992632085346563417
4027678168391763255
4035268532645162022
4040521769965201202
4041257170828515860
4045643545547866338
4049859561692660656
4057742726183921851
4062101622574078923
4093057832615374551
4096332901411180019
4124967729711769475
4127850205921107769
4154403560465989575
4197945612371518102
4210786332355778974
4211815949479725348
4222783182861772177
4241986236743169972
4245865978185037590
4262952116195716364
4265247843516566222
4273949858317397286
4313478206725304469
4319327495417328720
4392384293131536927
4404667158530430439
4406922238056153417
4408766929424219098
4419097694766381215
4446562985940235465
4464213793208231788
4486020183886997144
4536140788119776170
4536268725137832490
4593554185742231752
4639354945014012973
4658128862720966572
4658242815838433522
4669799084115127467
4674712178793262391
4676134252454901020
4683178088975948687
4683191081257988918
4710222437911444502
4717882262906350328
4721730966141407715
4900608383858604469
4909016560256546512
4939960878538041935
4959724605849979815
4972202272224044047
4992065272369779761
5004042549282975019
5012382688178611097
5036236023356382299
5079967233319988271
5094563479063806217
5117224346945638628
5138734097274012393
5167326997200285115
5218217919916515973
5226924917425807159
5227769439432783813
5313798726910220988
5316498353850715984
5337206645695451834
5347231232652976788
5362422609402902900
5368397459704514635
5376902916057496489
5401813920542438866
5407348439042903635
5409398381098304852
5437059645899826422
5439621918094096415
5453516047868384416
5459422330599008730
5492252222955629169
5499198090983216073
5507492050464777565
5530806045578938682
5534768143488836081
5551541599366768090
5593639029621099520
5602598434931561534
5633704644487496050
5674477578118981108
5676588104261914532
5681382184000896108
5687815377613837007
5702951566541092585
5759771097480360922
5766997417481358797
5776636568972669450
5785458966416233000
5804976825015591233
5808987649817500442
5925045401911151380
5926525086250247462
5938535761655848807
5943822111818451000
5966215580330966778
5969223558983835499
6014772927168836582
6020224458838720415
6043346792101926525
6058440475419013120
6096040769460278078
6099021848637744427
6108396240996165430
6112579112763980894
6125306184495247638
6169527908591334511
6190401357289080087
6196293603424756305
6213626607823520547
6273794353432181784
6293347132138732769
6308733318055416860
6314909564959658974
6338609600594904884
6343361722135835478
6347159841994667220
6414238795334122659
6418221019488021707
6466143784283231811
6471638114198327021
6499515111263408569
6545765039092435180
6575766657763975358
6587106790757102725
6645547283659291189
6649528206966817368
6661255824153850749
6683111905510605611
6703344922366164665
6722777718856369735
6729090925159981204
6740710935666466599
6773728532587247039
6781461843135948744
6792507148335801547
6793835077880801386
6796952509054501994
6797826720574358163
6812163396213535015
6848007687390395935
6867766552976254827
6921898188996775112
6929629069731038480
6944860380789246411
6956185081240534299
6974066652625540681
7006877958756936516
7016665041968472878
7049211394449491077
7060296936424690220
7071509872333596588
7086266498397227304
7110806934014566723
7122822758307121638
7161291844484438838
7178486506299108589
7185812904686674895
7188604038315436810
7189012100831365808
7192793555091095613
7201008195996279216
7216451265957165000
7220349261921176357
7222843542100619081
7224707901434731822
7318740762341541384
7373346605618366067
7377736573079445427
7378247075432032609
7379690336131370601
7408522179030929196
7416236465724292675
7417718453160121387
7467988988430881317
7486034634983335936
7488011304835897339
7496976284738164052
7524988600879615572
7532000139057343649
7547064579810707910
7557097289166166258
7584299670607554770
7598249374988960003
7638527442648055937
7655678133930944819
7690836279543123499
7692405969796898200
7700277753805054893
7717822074804894128
7729209335292111552
7738522307858066983
7744736338436841453
7751953755224734545
7763356702546132578
7775558974182152304
7777445251060705226
7806616064141671124
7836284331192676423
7859051936437616561
7871038862676027384
7886236493741325542
7897707121435806101
7915279806786663824
7924621556222270833
7933194347005217576
7950103735773833920
7960595936161583803
7966173347916165375
7971370708794843463
8069587358045761278
8100480756519089824
8121258132938827062
8151788925880766908
8159373731857467942
8178424264508754454
8199768483768101071
8203558430037034593
8238925769446286801
8247153839225572555
8256042347033251012
8290477132597865768
8326707603746199203
8343754329760524790
8362997480247935032
8377560770511820896
8378248432217978784
8387928818629755829
8401967616057669549
8402238783778965985
8415403276174058153
8431510659229862556
8437487843183654683
8457270857992289954
8485564661539776424
8491620212857387720
8498351140550663907
8499936532515491279
8515396219504997329
8529098285351213719
8530408395826340966
8554806482606040025
8556022113508264028
8557405823336856745
8593493617514818412
8601609166541077158
8607644069214549251
8611142989070899063
8643712135810974801
8660020527851003804
8668517626950838389
8684346977812267285
8718340662982045489
8719865710970803125
8746782102698589250
8751448926950973044
8780444965963965998
8820907222872012102
8846680726569645839
8864708068932550010
8873175104750598430
8899580257661863876
8914472756461078448
8921538232544042614
8947610125610657370
8949823426809987230
8998517807769711654
9010948381075334114
9031367194940396211
9048176579133088118
9068538862596858803
9093763761879567909
9111887605460980460
9119483234326343069
9120544920190628254
9120558252311625048
9131936098292651108
9152156107298132253
9175132547276248035
9185227134404041074
9188447333872007147
9195085485915641372
9215072651184377029
